4294967278,317
4294967278,57
4294967278,23
4294967278,314
4294967278,13
4294967278,394
4294967279,441
4294967279,432
4294967279,436
4294967279,68
4294967279,66
4294967279,57
4294967279,54
4294967279,391
4294967279,36
4294967279,431
4294967279,25
4294967279,24
4294967279,174
4294967279,252
4294967279,23
4294967279,19
4294967279,442
4294967279,9
4294967279,239
4294967279,4
4294967278,305
1241,6
4294967279,146
1241,5
1241,4
1241,3
1241,2
1241,1
4294967278,405
1239,5
1239,4
1239,3
1239,2
1239,1
1237,5
1237,4
1237,3
1237,2
1237,1
4294967279,415
1233,5
1233,4
1233,3
1233,2
1233,1
1232,6
1232,5
1232,4
1232,3
1232,2
1232,1
4294967278,308
4294967278,274
4294967279,175
1229,5
1229,4
1229,3
1229,2
1229,1
4294967294,1429
4294967279,169
4294967278,163
4294967278,162
4294967294,1079
4294967278,150
4294967279,143
4294967279,135
1225,6
1225,5
1225,4
4294967279,136
1225,3
1225,2
1225,1
4294967278,135
1222,6
1222,5
1222,4
1222,3
1222,2
1222,1
1219,4
1219,3
1219,2
1219,1
4294967278,275
1218,5
1218,4
1218,3
1218,2
1218,1
4294967278,200
1216,5
1216,4
1216,3
1216,2
1216,1
4294967279,425
4294967278,297
1215,6
1215,5
1215,4
1215,3
1215,2
1215,1
4294967279,189
1214,4
1214,3
1214,2
1214,1
4294967278,307
4294967294,1080
4294967278,306
4294967278,312
4294967278,301
4294967278,311
4294967278,8
4294967279,426
4294967279,429
4294967279,417
4294967279,428
4294967279,277
4294967279,14
4294967279,12
4294967279,0
4294967278,359
4294967278,139
1213,6
1213,5
1213,4
1213,3
1213,2
1213,1
1211,5
1211,4
1211,3
1211,2
1211,1
4294967278,355
4294967278,410
1209,5
1209,4
1209,2
1209,1
4294967279,212
4294967278,338
4294967294,1081
4294967294,1152
4294967294,170
1205,5
4294967279,95
4294967279,82
1205,4
1205,3
1205,2
1205,1
4294967294,413
4294967294,1244
4294967294,179
4294967294,407
4294967294,403
4294967294,420
4294967294,384
4294967294,1078
4294967294,411
4294967294,168
4294967294,425
4294967294,118
4294967294,410
4294967278,310
1204,6
1204,5
1204,4
1204,2
1204,1
4294967278,304
1201,5
1201,4
1201,2
1201,1
4294967278,148
4294967278,296
4294967279,309
4294967278,295
4294967279,269
4294967278,278
4294967278,294
4294967278,356
4294967278,292
1197,6
1197,5
1197,4
1197,3
1197,2
1197,1
4294967279,468
4294967278,242
4294967279,237
4294967278,236
4294967278,212
1194,6
1194,5
1194,4
1194,2
1194,1
4294967278,291
4294967279,403
4294967278,203
4294967278,290
4294967279,201
1191,4
1191,3
1191,2
1191,1
4294967279,195
1190,5
1190,4
1190,3
1190,2
1190,1
4294967294,110
4294967294,113
4294967294,430
1187,6
4294967278,53
1187,5
1187,4
1187,3
1187,2
1187,1
1186,4
1186,3
1186,2
1186,1
4294967279,159
4294967279,292
4294967279,42
4294967278,284
1185,6
1185,5
1185,4
1185,3
1185,2
1185,1
4294967278,281
4294967279,286
4294967294,451
4294967294,469
4294967294,397
4294967294,458
1183,5
4294967278,374
1183,4
1183,3
1183,2
1183,1
4294967278,370
1181,5
1181,4
1181,2
1181,1
4294967278,406
4294967279,275
4294967279,198
1177,5
1177,4
1177,3
1177,2
1177,1
4294967279,510
4294967294,1156
1176,6
1176,5
1176,4
1176,2
1176,1
4294967278,273
4294967279,165
4294967279,161
4294967278,151
1173,5
1173,4
4294967278,152
1173,2
1173,1
4294967279,152
4294967278,147
4294967279,140
4294967279,142
4294967279,141
4294967278,140
4294967278,276
4294967278,136
4294967279,251
4294967279,264
4294967278,261
4294967279,263
4294967278,259
1169,6
1169,5
1169,4
1169,3
1169,2
1169,1
4294967279,421
4294967279,248
4294967279,236
4294967278,382
4294967278,228
4294967278,224
1166,6
4294967279,222
1166,5
1166,4
4294967279,220
1166,2
1166,1
4294967278,213
4294967278,206
1163,4
1163,3
1163,2
1163,1
4294967279,190
1162,5
1162,4
1162,3
1162,2
1162,1
4294967294,182
1159,6
1159,5
1159,4
4294967278,166
1159,3
1159,2
1159,1
4294967279,164
1158,4
1158,3
1158,2
1158,1
4294967279,451
4294967279,148
4294967278,377
4294967278,350
4294967278,92
4294967278,354
4294967278,47
4294967278,320
4294967278,37
4294967278,381
4294967278,303
4294967278,379
4294967279,245
4294967279,464
4294967279,73
4294967279,70
4294967279,247
4294967279,288
4294967279,2
4294967294,489
4294967279,137
1157,6
4294967278,380
4294967279,271
1157,5
1157,4
4294967279,270
1157,3
1157,2
1157,1
4294967279,422
1155,5
1155,4
1155,3
1155,2
1155,1
4294967294,463
4294967279,231
4294967278,299
1153,5
1153,4
1153,2
1153,1
4294967279,420
4294967278,376
4294967279,243
4294967278,375
1149,5
1149,4
1149,3
1149,2
1149,1
4294967294,488
4294967278,372
4294967279,241
4294967279,183
1148,6
4294967278,181
1148,5
1148,4
1148,2
1148,1
4294967278,371
4294967279,388
1145,5
1145,4
1145,2
1145,1
4294967294,1076
4294967278,427
4294967278,369
4294967278,368
1141,6
1141,5
1141,4
1141,3
1141,2
1141,1
4294967278,345
1138,6
1138,5
1138,4
1138,2
1138,1
4294967278,367
4294967294,412
1135,4
1135,3
1135,2
1135,1
4294967294,487
4294967279,315
1134,5
1134,4
1134,3
1134,2
1134,1
4294967294,1248
4294967294,486
4294967278,182
4294967279,225
4294967294,1431
4294967278,176
1131,6
4294967294,485
4294967279,281
4294967278,331
1131,5
1131,4
1131,3
1131,2
1131,1
4294967278,169
4294967278,358
1130,4
1130,3
1130,2
1130,1
4294967279,219
4294967294,395
4294967278,131
4294967278,128
4294967278,126
4294967278,124
4294967278,123
4294967278,332
4294967278,122
4294967278,121
4294967278,114
4294967278,112
4294967278,111
4294967278,110
4294967278,108
4294967278,107
4294967278,106
4294967278,105
4294967278,100
4294967278,99
4294967278,98
4294967278,97
4294967278,94
4294967278,85
4294967278,84
4294967278,82
4294967278,60
4294967278,58
4294967278,56
4294967278,51
4294967278,46
4294967278,44
4294967278,426
4294967278,423
4294967278,349
4294967278,362
4294967278,28
4294967279,475
4294967279,72
4294967279,229
4294967279,508
4294967279,49
4294967279,46
4294967279,45
4294967279,32
4294967279,27
4294967279,26
4294967279,21
4294967279,16
4294967279,5
4294967278,364
4294967294,1427
4294967279,37
4294967294,1428
4294967279,215
1129,6
4294967278,271
1129,5
1129,4
1129,3
1129,2
1129,1
1127,5
1127,4
1127,3
1127,2
1127,1
4294967279,408
1125,5
1125,4
1125,2
1125,1
4294967279,318
4294967278,441
1121,5
1121,4
1121,3
1121,2
1121,1
4294967294,483
4294967278,341
1120,6
1120,5
1120,4
1120,2
1120,1
4294967279,179
1117,5
1117,4
1117,2
1117,1
4294967294,169
4294967294,456
4294967294,189
4294967279,387
4294967279,149
4294967279,290
4294967279,139
4294967278,272
4294967278,366
1113,6
1113,5
1113,4
1113,3
1113,2
1113,1
4294967278,389
4294967278,373
4294967279,397
4294967278,324
4294967278,240
1110,6
1110,5
1110,4
1110,2
1110,1
4294967278,220
4294967279,213
1107,4
1107,3
1107,2
1107,1
4294967294,482
4294967278,199
4294967278,195
1106,5
1106,4
1106,3
1106,2
1106,1
4294967278,191
4294967294,1066
1104,5
1104,4
1104,3
1104,2
1104,1
4294967279,184
1103,6
4294967294,387
4294967294,184
4294967294,116
4294967294,418
1103,5
4294967279,177
1103,4
1103,3
1103,2
1103,1
1102,4
4294967279,170
1102,3
1102,2
1102,1
4294967279,155
4294967278,130
4294967278,127
4294967278,120
4294967278,118
4294967278,117
4294967278,344
4294967278,102
4294967278,96
4294967278,91
4294967278,89
4294967278,409
4294967278,351
4294967278,300
4294967278,329
4294967278,49
4294967278,330
4294967278,328
4294967278,342
4294967279,418
4294967279,303
4294967279,76
4294967279,75
4294967279,74
4294967279,317
4294967279,55
4294967279,412
4294967279,15
1101,6
4294967279,430
4294967278,361
1101,5
1101,4
1101,3
1101,2
1101,1
4294967294,164
4294967294,180
4294967278,360
1099,5
1099,4
1099,3
1099,2
1099,1
4294967278,357
4294967279,306
4294967278,293
1097,5
1097,4
1097,2
1097,1
4294967278,442
1093,5
1093,4
1093,3
1093,2
1093,1
4294967294,1074
1092,6
1092,5
1092,4
1092,2
1092,1
4294967278,353
4294967278,170
1089,5
1089,4
1089,2
1089,1
4294967278,352
4294967278,433
4294967278,277
4294967279,299
4294967278,142
4294967279,444
1085,6
1085,5
1085,4
1085,3
1085,2
1085,1
4294967279,396
4294967279,437
4294967294,400
1082,6
1082,5
1082,4
1082,2
1082,1
4294967279,285
1079,4
1079,3
1079,2
1079,1
4294967279,210
1078,5
1078,4
1078,3
1078,2
1078,1
4294967294,1077
4294967294,1075
4294967279,467
4294967279,188
1075,6
4294967279,489
1075,5
1075,4
1075,3
1075,2
1075,1
4294967279,178
1074,4
1074,3
1074,2
1074,1
4294967279,307
4294967279,413
4294967278,129
4294967278,439
4294967278,119
4294967278,109
4294967278,343
4294967278,83
4294967278,81
4294967278,424
4294967278,436
4294967278,50
4294967278,321
4294967278,437
4294967278,348
4294967279,407
4294967279,491
4294967279,406
4294967279,77
4294967279,453
4294967279,314
4294967279,71
4294967279,63
4294967279,62
4294967279,61
4294967279,52
4294967279,50
4294967279,47
4294967279,278
4294967279,493
4294967279,35
4294967279,411
4294967279,34
4294967279,33
4294967279,31
4294967279,28
4294967279,261
4294967279,22
4294967279,10
4294967279,7
4294967279,151
1073,6
4294967278,346
1073,5
1073,4
1073,3
1073,2
1073,1
4294967278,403
4294967278,266
1071,5
4294967278,265
1071,4
1071,3
1071,2
1071,1
4294967278,252
1069,5
1069,4
1069,2
1069,1
4294967279,253
4294967294,1430
4294967278,232
4294967278,222
1065,5
1065,4
1065,3
1065,2
1065,1
4294967279,394
1064,6
1064,5
1064,4
1064,2
1064,1
1061,5
1061,4
1061,2
1061,1
4294967278,157
4294967278,396
4294967279,150
4294967279,389
4294967278,141
4294967279,289
4294967279,385
4294967294,399
4294967294,187
4294967294,1087
4294967294,178
4294967294,385
4294967294,421
4294967294,406
4294967294,415
4294967294,599
4294967294,1083
4294967294,167
4294967294,183
4294967294,398
4294967294,448
4294967294,108
4294967279,133
4294967279,405
4294967278,288
4294967279,257
1057,6
1057,5
1057,4
1057,3
1057,2
1057,1
4294967279,157
4294967278,264
4294967279,266
4294967279,294
4294967278,263
4294967279,262
4294967279,284
4294967278,257
4294967279,259
4294967278,253
1054,6
1054,5
1054,4
1054,2
1054,1
4294967294,422
4294967294,1069
4294967294,1153
4294967279,297
4294967278,237
4294967278,234
4294967279,234
4294967279,423
4294967279,134
4294967278,216
1051,4
1051,3
1051,2
1051,1
4294967279,204
1050,5
1050,4
1050,3
1050,2
1050,1
4294967278,387
4294967278,334
4294967278,186
1047,6
1047,5
1047,4
1047,3
1047,2
1047,1
4294967279,313
1046,4
1046,3
1046,2
1046,1
4294967279,312
4294967279,310
4294967278,445
4294967278,125
4294967278,113
4294967278,104
4294967278,103
4294967278,101
4294967278,87
4294967278,79
4294967278,17
4294967279,83
4294967279,78
4294967279,8
4294967279,147
4294967278,146
1045,6
4294967294,396
4294967294,450
4294967294,453
1045,5
1045,4
1045,3
1045,2
1045,1
4294967278,333
4294967278,244
1043,5
1043,4
1043,3
1043,2
1043,1
1041,5
1041,4
1041,2
1041,1
4294967279,211
4294967279,304
4294967279,205
4294967279,186
4294967278,184
4294967278,183
1037,5
1037,4
1037,3
1037,2
1037,1
1036,6
1036,5
1036,4
1036,2
1036,1
4294967294,392
4294967278,279
4294967279,316
1033,5
1033,4
1033,2
1033,1
4294967278,255
4294967279,301
4294967278,247
1029,6
1029,5
1029,4
1029,3
1029,2
1029,1
4294967279,298
4294967278,245
4294967294,1070
4294967294,185
4294967294,1067
1026,6
1026,5
1026,4
1026,2
1026,1
4294967279,295
4294967278,395
4294967278,192
4294967294,386
1023,4
1023,3
1023,2
1023,1
4294967278,243
4294967279,182
4294967279,463
1022,5
1022,4
1022,3
1022,2
1022,1
4294967278,172
4294967279,163
1019,6
1019,5
4294967279,158
4294967278,156
1019,4
1019,3
1019,2
1019,1
1018,4
1018,3
1018,2
1018,1
4294967294,388
4294967294,1160
4294967294,115
4294967278,115
4294967278,286
4294967278,383
4294967278,447
4294967278,347
4294967278,337
4294967278,363
4294967278,335
4294967279,282
4294967279,506
4294967279,505
4294967279,41
4294967279,30
4294967279,268
4294967279,11
4294967279,6
1017,6
1017,5
4294967279,399
1017,4
1017,3
1017,2
1017,1
4294967294,160
4294967278,239
1015,5
1015,4
1015,3
1015,2
1015,1
1013,5
1013,4
1013,2
1013,1
4294967294,173
4294967294,1085
4294967294,1159
